	region	year	no_of_Accedents	no_of_Dead_casult	no_of_Injured_casult	Driving_Licence	x_geo_point	y_geo_point
0	Al-Jouf	2016	10212	245	920	9371	29.967744576199998	39.5570371172
1	Al-Jouf	2017	10469	240	862	8091	29.967744576199998	39.5570371172
2	Hail	2016	10199	299	932	54507	27.400845724	41.4406960508
3	Hail	2017	9379	265	773	22035	27.400845724	41.4406960508
4	Jazan	2016	25873	514	2259	11504	17.207231396199997	42.6525807422
5	Jazan	2017	22161	466	2207	18345	17.207231396199997	42.6525807422
6	Madinah	2016	14475	822	4184	24540	24.927534539	39.4918237173
7	Madinah	2017	16070	580	2917	36165	24.927534539	39.4918237173
8	Makkah	2016	134838	2243	12383	136055	21.628962766	41.2636898334
9	Makkah	2017	145541	1641	10623	142487	21.628962766	41.2636898334
10	Najran	2016	3235	173	706	2153	18.4511003068	46.868849572600006
11	Najran	2017	3193	194	766	13825	18.4511003068	46.868849572600006
12	Northern Boarder	2016	13196	193	631	4958	30.197074783	41.8171186952
13	Northern Boarder	2017	11540	112	374	5280	30.197074783	41.8171186952
14	Riyadh	2016	141736	1430	4207	242851	23.0814341634	45.5857512766
15	Riyadh	2017	99925	1399	4540	495307	23.0814341634	45.5857512766
16	Tabouk	2016	16031	434	1724	13610	27.90165499	37.2598581394
17	Tabouk	2017	11713	348	1243	10232	27.90165499	37.2598581394
